version https://git-lfs.github.com/spec/v1
oid sha256:0b38c95b7e8db352d2d73c3980026ebcb1007dcf21a88ae2bdf7b5d9a8cbc504
size 3056333
